Spectral Zeta Function zeta_M(s) = Sum |lambda_n|^(-s)  --  Zeros in Critical Strip
======================================================================

L = 18  (324 eigenvalues, 37 zeros)
   #          Re(ρ)          Im(ρ)        |σ-½|     |ζ_M(ρ)|
------------------------------------------------------------
   1   0.5590388232   2.2913450379   0.05903882     1.06e-48
   2   0.4344330275   3.8820431953   0.06556697     2.23e-49
   3   0.3903738589   6.5618584407   0.10962614     2.08e-48
   4   0.1548964357   9.5590323270   0.34510356     5.83e-49
   5   0.4463448975  10.5575142707   0.05365510     3.83e-48
   6   0.1735031840  11.0994951794   0.32649682     7.66e-49
   7   0.4553253018  11.9625922313   0.04467470     2.05e-48
   8   0.3246176789  12.9503995304   0.17538232     3.71e-48
   9   0.0849677556  13.5603138721   0.41503224     3.98e-49
  10   0.1930797507  14.6330009620   0.30692025     3.95e-49
  11   0.4234587106  15.5807799155   0.07654129     2.53e-48
  12   0.2662006668  15.9412803987   0.23379933     2.17e-48
  13   0.0356339044  16.8253567498   0.46436610     7.49e-49
  14   0.3681618341  17.8220340981   0.13183817     3.56e-48
  15   0.1020643161  18.6388223297   0.39793568     6.91e-49
  16   0.0369294644  19.2065643681   0.46307054     2.42e-49
  17   0.1512907595  20.8049285031   0.34870924     6.17e-49
  18   0.0581642548  22.0271906979   0.44183575     7.07e-49
  19   0.3604619770  22.3449571246   0.13953802     4.55e-48
  20   0.2221113347  23.6919258561   0.27788867     2.22e-48
  21   0.3684740901  25.1971321928   0.13152591     7.72e-48
  22   0.0435543257  26.7201419256   0.45644567     6.97e-49
  23   0.1466562117  27.2806733022   0.35334379     2.26e-48
  24   0.3501677176  28.4134127088   0.14983228     5.97e-48
  25   0.1171065851  30.6342185396   0.38289341     1.48e-48
  26   0.3126553761  32.5518232658   0.18734462     4.21e-48
  27   0.3838166364  34.1070784618   0.11618336     1.16e-47
  28   0.0978803983  35.7440522660   0.40211960     4.76e-49
  29   0.1229541074  36.4981151606   0.37704589     2.07e-48
  30   0.0949098773  38.8147291180   0.40509012     7.60e-49
  31   0.0572295714  40.9614332927   0.44277043     1.35e-48
  32   0.3761365924  41.6159305203   0.12386341     4.09e-48
  33   0.3280242465  42.3557559983   0.17197575     4.68e-48
  34   0.5525274772  43.5317230541   0.05252748     1.05e-47
  35   0.1765237619  44.2322274521   0.32347624     3.20e-48
  36   0.0939557690  47.8450412741   0.40604423     1.79e-48
  37   0.2837407236  49.4117278349   0.21625928     3.05e-48

  Mean |σ-½| = 0.25880436
  Min  |σ-½| = 0.04467470
  Std  |σ-½| = 0.14192492

L = 30  (900 eigenvalues, 32 zeros)
   #          Re(ρ)          Im(ρ)        |σ-½|     |ζ_M(ρ)|
------------------------------------------------------------
   1   0.3841113089  11.3296575160   0.11588869     7.59e-48
   2   0.3292518317  12.4735879041   0.17074817     4.23e-48
   3   0.3213005422  13.9510376111   0.17869946     3.50e-48
   4   0.3202248924  14.7005203398   0.17977511     2.54e-48
   5   0.2046715613  15.6976609118   0.29532844     1.32e-48
   6   0.3042748094  16.5218107752   0.19572519     1.27e-47
   7   0.2303285764  17.4380536514   0.26967142     2.08e-48
   8   0.2012455432  19.2139605781   0.29875446     4.03e-48
   9   0.3438684311  20.2885153761   0.15613157     5.70e-49
  10   0.2090496982  21.2397810125   0.29095030     3.75e-48
  11   0.3935606860  22.3220238879   0.10643931     6.65e-48
  12   0.3082211013  23.4826102987   0.19177890     6.43e-48
  13   0.6035679882  23.8925926555   0.10356799     8.75e-47
  14   0.3976993588  24.9634863996   0.10230064     7.47e-48
  15   0.4636967828  25.7918804340   0.03630322     2.99e-47
  16   0.2493787023  26.3495666150   0.25062130     2.47e-48
  17   0.2819027132  27.4199027790   0.21809729     1.23e-47
  18   0.2362170113  29.5812548520   0.26378299     7.70e-48
  19   0.2416604412  31.8125539608   0.25833956     6.40e-48
  20   0.1996641093  33.3930774223   0.30033589     7.28e-48
  21   0.1754818602  35.0306476394   0.32451814     7.62e-48
  22   0.1106483237  36.2110064666   0.38935168     4.02e-48
  23   0.2461146652  37.3559921507   0.25388533     1.10e-47
  24   0.1362455463  39.0114817960   0.36375445     3.30e-48
  25   0.2567152318  40.2489893337   0.24328477     4.02e-48
  26   0.1120066119  41.7909168141   0.38799339     2.68e-48
  27   0.1518976392  42.9695170013   0.34810236     5.81e-48
  28   0.2291359832  44.4936853273   0.27086402     3.66e-48
  29   0.1874131320  45.3542477035   0.31258687     9.96e-48
  30   0.1705098505  46.8080085766   0.32949015     5.29e-48
  31   0.3338808003  48.3544164749   0.16611920     1.66e-47
  32   0.1489466855  49.2760903177   0.35105331     3.78e-48

  Mean |σ-½| = 0.24138261
  Min  |σ-½| = 0.03630322
  Std  |σ-½| = 0.09038979

L = 36  (1296 eigenvalues, 27 zeros)
   #          Re(ρ)          Im(ρ)        |σ-½|     |ζ_M(ρ)|
------------------------------------------------------------
   1   0.5629755002   9.8609194866   0.06297550     2.71e-47
   2   0.3784988162  10.7411945475   0.12150118     3.31e-48
   3   0.3254675024  12.7615603503   0.17453250     6.39e-48
   4   0.2871687135  13.7441937830   0.21283129     5.39e-48
   5   0.5480362052  15.2342803632   0.04803621     4.65e-47
   6   0.2443114879  15.9313854062   0.25568851     3.21e-48
   7   0.3785907539  17.8254491528   0.12140925     8.16e-48
   8   0.3833899552  19.4014556521   0.11661004     1.27e-47
   9   0.2434170462  20.1926353119   0.25658295     4.68e-48
  10   0.4181930743  21.2095699403   0.08180693     1.38e-48
  11   0.4657571946  21.7939512526   0.03424281     4.02e-47
  12   0.2627679618  23.5031623276   0.23723204     3.46e-48
  13   0.3568456615  24.9266806239   0.14315434     1.81e-47
  14   0.1887695819  26.8870678779   0.31123042     3.80e-48
  15   0.3650349247  28.0591540994   0.13496508     3.74e-48
  16   0.1390202582  31.5774763757   0.36097974     1.92e-48
  17   0.3123156293  32.4776817125   0.18768437     1.57e-47
  18   0.5547960710  34.4662863903   0.05479607     1.07e-46
  19   0.1494136585  36.4862270879   0.35058634     2.97e-48
  20   0.4001547855  37.5667772385   0.09984521     2.56e-47
  21   0.1248460986  39.2497054522   0.37515390     4.01e-48
  22   0.3454860138  39.8297719189   0.15451399     2.19e-47
  23   0.2567268917  40.8019633995   0.24327311     1.95e-48
  24   0.3089503244  41.9037930477   0.19104968     1.80e-47
  25   0.1893268085  42.6138454446   0.31067319     8.48e-48
  26   0.3118204188  43.6307702009   0.18817958     1.64e-47
  27   0.5553475571  44.5120286093   0.05534756     4.60e-47

  Mean |σ-½| = 0.18092155
  Min  |σ-½| = 0.03424281
  Std  |σ-½| = 0.09981181

L = 38  (1444 eigenvalues, 30 zeros)
   #          Re(ρ)          Im(ρ)        |σ-½|     |ζ_M(ρ)|
------------------------------------------------------------
   1   0.4790684512   9.7495431667   0.02093155     9.71e-48
   2   0.5320860671  12.7362457475   0.03208607     5.21e-48
   3   0.4282679163  14.0603938353   0.07173208     1.50e-47
   4   0.3599222414  15.2282794340   0.14007776     1.06e-47
   5   0.4747708490  15.9231428033   0.02522915     1.47e-47
   6   0.4893535908  16.8270882030   0.01064641     1.76e-47
   7   0.3105815607  17.6589465557   0.18941844     1.23e-47
   8   0.1351243252  20.0062827423   0.36487567     5.21e-48
   9   0.3691366811  20.9274033905   0.13086332     4.93e-48
  10   0.3613302305  21.8962142406   0.13866977     7.57e-48
  11   0.3451031884  23.3118299049   0.15489681     1.18e-47
  12   0.2794867798  25.9555258132   0.22051322     4.81e-48
  13   0.3311790692  26.7082311461   0.16882093     2.34e-47
  14   0.3959684256  28.0132057863   0.10403157     2.32e-47
  15   0.3813598919  30.0063320074   0.11864011     5.25e-48
  16   0.1800456822  31.7365345591   0.31995432     9.99e-48
  17   0.2945925226  33.5110923762   0.20540748     2.10e-47
  18   0.2639539566  34.6027212802   0.23604604     1.66e-47
  19   0.2570383599  35.4268814890   0.24296164     1.47e-47
  20   0.1596522428  37.4360770046   0.34034776     4.11e-48
  21   0.1613213707  40.0359285040   0.33867863     5.69e-48
  22   0.0853936463  41.1783884712   0.41460635     1.30e-48
  23   0.1777706542  42.1766210736   0.32222935     4.14e-48
  24   0.4140671735  44.6320930073   0.08593283     4.14e-47
  25   0.1323075261  45.3848645228   0.36769247     1.24e-48
  26   0.2180885134  46.1723216822   0.28191149     6.84e-48
  27   0.2992172492  47.1885835279   0.20078275     1.43e-47
  28   0.3508300160  48.0198602209   0.14916998     1.33e-47
  29   0.2866165372  48.5035654652   0.21338346     2.96e-47
  30   0.2865999058  49.5026381873   0.21340009     3.05e-47

  Mean |σ-½| = 0.19413125
  Min  |σ-½| = 0.01064641
  Std  |σ-½| = 0.11091095

L = 39  (1520 eigenvalues, 33 zeros)
   #          Re(ρ)          Im(ρ)        |σ-½|     |ζ_M(ρ)|
------------------------------------------------------------
   1   0.5284467866  11.0483206278   0.02844679     1.58e-47
   2   0.6036189289  11.9685319557   0.10361893     3.60e-47
   3   0.7513631603  13.2457560350   0.25136316     5.37e-46
   4   0.3502960619  13.7748525601   0.14970394     2.31e-48
   5   0.5717636414  14.6457034579   0.07176364     2.07e-47
   6   0.4443007191  15.4232792720   0.05569928     1.65e-47
   7   0.4245678874  18.5191832235   0.07543211     1.94e-47
   8   0.3832942161  19.5081210954   0.11670578     2.29e-47
   9   0.3790503925  20.0536823873   0.12094961     6.40e-48
  10   0.3675253144  20.9899413301   0.13247469     1.16e-47
  11   0.3056176934  21.7987195063   0.19438231     1.56e-47
  12   0.4124591329  22.6068709848   0.08754087     1.55e-47
  13   0.3567043599  23.3398042584   0.14329564     9.25e-48
  14   0.3475379971  24.1800654306   0.15246200     7.94e-48
  15   0.2955503127  25.8340530855   0.20444969     8.52e-48
  16   0.2450183640  26.4607669969   0.25498164     8.19e-48
  17   0.4671935026  30.5748959681   0.03280650     4.79e-47
  18   0.3912298271  31.3702229517   0.10877017     3.06e-47
  19   0.2299284780  32.3136679720   0.27007152     1.88e-48
  20   0.5421572745  33.9684253429   0.04215727     1.11e-46
  21   0.4192165883  34.7125437323   0.08078341     2.93e-47
  22   0.3529702628  35.8792426492   0.14702974     1.74e-47
  23   0.2527226780  37.1607635395   0.24727732     2.04e-48
  24   0.2940473905  38.0939026214   0.20595261     2.11e-47
  25   0.5334889685  38.9659150153   0.03348897     1.88e-47
  26   0.2337764201  39.7623095225   0.26622358     3.10e-48
  27   0.3734362179  40.8277516309   0.12656378     3.88e-47
  28   0.0998257370  41.7357061263   0.40017426     4.63e-48
  29   0.2036249374  43.0370332590   0.29637506     8.25e-48
  30   0.1565437347  44.2363433426   0.34345627     6.65e-48
  31   0.1417492298  45.4885148068   0.35825077     1.33e-47
  32   0.3402566167  47.2134252864   0.15974338     1.83e-47
  33   0.1223352797  49.4617719947   0.37766472     1.69e-47

  Mean |σ-½| = 0.17091089
  Min  |σ-½| = 0.02844679
  Std  |σ-½| = 0.10426540

